I
1050 Generated by WorldEditor 1.6.0r1

1      8 1 0 NTTE Tetiaroa
1302 city Tetiaroa
1302 country French Polynesia
1302 datum_lat -17.014722222
1302 datum_lon -149.588888889
1302 faa_code 
1302 iata_code TTI
1302 icao_code NTTE
1302 region_code NT
1302 state (unassigned)
1302 transition_alt 
1302 transition_level 
100 17.98 1 0 0.00 1 0 0 06 -17.01578300 -149.59245800  -20    0 1 0 0 0 24 -17.01408100 -149.58592800  -30    0 1 0 0 0
110 1 0.00 74.0000 DTHR
111 -17.01570211 -149.59248009
111 -17.01575174 -149.59266220
111 -17.01590968 -149.59261704
113 -17.01586160 -149.59243659
110 1 0.00 74.0000 DTHR
111 -17.01563805 -149.59221392
112 -17.01555273 -149.59258979 -17.01557795 -149.59270667
111 -17.01564651 -149.59269190
113 -17.01575295 -149.59266067
110 1 0.00 74.0000 DTHR
111 -17.01426439 -149.58630564
112 -17.01433782 -149.58596692 -17.01431802 -149.58585631
111 -17.01423513 -149.58587952
113 -17.01415501 -149.58590325
110 1 0.00 74.0000 DTHR
111 -17.01415898 -149.58590573
111 -17.01408879 -149.58563122
111 -17.01393041 -149.58567687
113 -17.01400317 -149.58595204
110 2 0.00 0.0000 New Taxiway 19
112 -17.01510206 -149.58875124 -17.01500409 -149.58875270
111 -17.01485714 -149.58862830
112 -17.01502928 -149.58924448 -17.01501389 -149.58909519
113 -17.01516924 -149.58900152
110 2 0.00 74.0000 parking avions
111 -17.01516872 -149.58900077
111 -17.01535205 -149.58894518
111 -17.01553792 -149.58902251
111 -17.01559293 -149.58921590
111 -17.01594812 -149.58910455
111 -17.01570746 -149.58822974
111 -17.01534942 -149.58834420
111 -17.01540073 -149.58852749
111 -17.01528968 -149.58869457
113 -17.01510133 -149.58875489
130 Airport Boundary 20
111 -17.01523820 -149.58946451
111 -17.01606264 -149.58913727
111 -17.01576776 -149.58809890
111 -17.01502758 -149.58833804
111 -17.01444385 -149.58580190
111 -17.01431146 -149.58555017
111 -17.01419110 -149.58549353
111 -17.01366154 -149.58569491
111 -17.01539725 -149.59246747
111 -17.01540728 -149.59267724
111 -17.01545242 -149.59282408
113 -17.01601909 -149.59266675
120 hold
111 -17.01528256 -149.58896204 4
115 -17.01521602 -149.58871515
120 runway
112 -17.01572012 -149.59220108 -17.01574196 -149.59228071 20
112 -17.01566693 -149.59233772 -17.01564668 -149.59239178 20
112 -17.01560664 -149.59253641 -17.01560454 -149.59259413 20
112 -17.01567784 -149.59261550 -17.01569670 -149.59261623 20
115 -17.01577328 -149.59258157
120 runway
111 -17.01413825 -149.58598475 20
112 -17.01421453 -149.58595713 -17.01423311 -149.58595816 20
112 -17.01427682 -149.58602648 -17.01427975 -149.58607454 20
112 -17.01423571 -149.58623716 -17.01420735 -149.58630363 20
116 -17.01420638 -149.58641310 -17.01422985 -149.58650003
120 taxiway vert 1
111 -17.01503854 -149.58891283 20 101
112 -17.01491535 -149.58886937 -17.01483227 -149.58880629 20 101
115 -17.01479047 -149.58864464
120 taxiway vert 2
112 -17.01539272 -149.58878808 -17.01545414 -149.58876005 20 101
116 -17.01561712 -149.58849528 -17.01565880 -149.58839236
120 taxiway vert 3
111 -17.01493651 -149.58920403 20 101
112 -17.01495116 -149.58901062 -17.01500168 -149.58891951 20 101
111 -17.01503819 -149.58891365 20 101
112 -17.01539620 -149.58878808 -17.01545188 -149.58877691 20 101
116 -17.01572070 -149.58887502 -17.01579916 -149.58891312
15 -17.01558230 -149.58855719 117.20 Depart Civil 1
1300 -17.01563712 -149.58883860 201.90 misc turboprops|props Depart Civil 2
1301 C none 
19 -17.01554114 -149.59270400 1 WS
19 -17.01392443 -149.58610965 1 WS
54 12130 TAHITI APPROACH
99
