I
1050 Generated by WorldEditor 1.6.0r1

1      0 0 0 NTTU Tupai Airstrip
100 20.00 1 0 0.00 0 0 0 12 -16.24011300 -151.83723700    0    0 1 0 0 0 30 -16.24459200 -151.83018700    0    0 1 0 0 0
110 1 0.00 0.0000 New Taxiway 11
112 -16.24017921 -151.83697099 -16.24013908 -151.83700099
112 -16.24005164 -151.83701706 -16.24001975 -151.83702135
112 -16.23998991 -151.83708564 -16.23997139 -151.83711564
113 -16.24003816 -151.83718549
110 1 0.00 0.0000 New Taxiway 4
111 -16.24390281 -151.83110558
112 -16.24378370 -151.83113151 -16.24374459 -151.83110929
111 -16.24336771 -151.83083339
112 -16.24330194 -151.83086672 -16.24327705 -151.83090746
112 -16.24324505 -151.83103707 -16.24324861 -151.83110558
112 -16.24334105 -151.83112780 -16.24339438 -151.83113336
112 -16.24356326 -151.83114261 -16.24361482 -151.83116854
112 -16.24369837 -151.83130926 -16.24370903 -151.83143147
113 -16.24368592 -151.83147776
110 4 0.00 0.0000 New Taxiway 2
111 -16.24028390 -151.83770199
111 -16.24035814 -151.83752868
111 -16.24085775 -151.83677412
111 -16.24060389 -151.83661414
111 -16.24050917 -151.83648616
111 -16.24024806 -151.83647016
111 -16.24008423 -151.83659281
111 -16.23997159 -151.83644483
113 -16.23970792 -151.83723272
110 1 0.00 0.0000 New Taxiway 1
111 -16.24446579 -151.83055008
112 -16.24462875 -151.83045878 -16.24467072 -151.83043692
112 -16.24472627 -151.83030962 -16.24470405 -151.83024661
113 -16.24466455 -151.83023761
130 Airport Boundary 3
111 -16.24028390 -151.83770205
111 -16.24518933 -151.83021421
111 -16.24521152 -151.83010602
111 -16.24510462 -151.82997547
111 -16.24496454 -151.82992172
111 -16.24443003 -151.82969135
111 -16.24433419 -151.82968367
111 -16.24396556 -151.83011370
111 -16.24373701 -151.83052836
111 -16.24345685 -151.83082785
111 -16.24337576 -151.83078945
111 -16.24327991 -151.83084321
111 -16.24319881 -151.83106206
111 -16.24322462 -151.83118492
111 -16.24330203 -151.83146521
111 -16.24038481 -151.83567063
111 -16.23995518 -151.83642177
113 -16.23970579 -151.83722923
120 Linear Feature 10
111 -16.24463740 -151.83024341 1
111 -16.24463009 -151.83024099 1
115 -16.24462743 -151.83024722
120 Linear Feature 9
111 -16.24465586 -151.83031392 1
115 -16.24463014 -151.83024099
120 Linear Feature 8
111 -16.24435154 -151.83056780 1
112 -16.24445920 -151.83047302 -16.24453031 -151.83044339 1
115 -16.24470341 -151.83039954
120 Linear Feature 7
111 -16.24373408 -151.83115887 1
116 -16.24400311 -151.83111151 -16.24409776 -151.83096149
120 Linear Feature 6
111 -16.24327415 -151.83107435 1
111 -16.24359564 -151.83107993 1
111 -16.24373408 -151.83115887 1
116 -16.24375465 -151.83150802 -16.24363120 -151.83169911
120 Linear Feature 5
111 -16.24362958 -151.83102722 4
115 -16.24356409 -151.83113698
14 -16.24329796 -151.83117637  82.02 0 New Tower Viewpoint 1
19 -16.24026720 -151.83724184 0 New Windsock 3
19 -16.24437804 -151.83017042 0 New Windsock 2
99
